version https://git-lfs.github.com/spec/v1
oid sha256:b58ad9c57e14bc46d8caf90fd368560f9f1eb3a00de18d77bf3c220bb4d0c37b
size 3995
